12
34
50
53
84
85
89
100
101
104
108
110
111
112
120
137
144
168
169
175
179
196
213
215
252
259
275
278
301
314
326
329
348
360
361
364
373
376
384
385
391
399
403
412
414
430
448
457
458
461
470
489
495
497
498
500
513
514
515
517
518
519
520
524
525
528
529
551
557
583
585
587
590
600
606
610
616
661
668
669
673
680
682
686
687
688
690
696
711
719
720
728
735
748
749
750
751
771
781
783
801
804
816
819
824
827
841
842
862
878
879
887
888
891
897
901
904
936
942
962
970
973
975
978
982
984
987
988
989
997
1019
1056
1114
1165
1168
1171
1176
1183
1185
1190
1192
1193
1196
1200
1204
1205
1207
1218
1220
1221
1228
1257
1281
1338
1396
1436
1453
1460
1480
1503
1504
1507
1515
1553
1561
1596
1666
1667
1745
1759
1775
1782
1841
1951
1952
1961
2002
2005
2007
2052
2069
2143
2207
2224
2262
2266
2319
2367
2434
2454
2471
2475
2521
2534
2557
2566
2598
2604
2619
2629
2630
2679
2713
2764
2816
2872
2932
2942
2990
3013
3032
3065
3068
3070
3084
3299
3464
3504
3533
3571
3600
3651
3696
3734
3879
3918
3928
3987
3997
4024
4032
4102
4149
4151
4239
4311
4326
4352
4419
4489
4518
4579
4679
4689
4712
4718
4719
4743
4750
4751
4774
4788
4887
4906
4907
4908
4925
4942
4955
4988
5001
5015
5041
5042
5082
5086
5129
5146
5183
5188
5217
5223
5231
5257
5276
5282
5288
5331
5356
5357
5360
5363
5398
5450
5506
5594
5597
5605
5675
5678
5702
5703
5720
5722
5772
5784
5792
5885
5909
5936
5945
5950
5984
6083
6084
6085
6086
6088
6096
6098
6218
6244
6250
6269
6305
6359
6376
6389
6390
6391
6392
6394
6395
6396
6406
6731
6805
6809
6891
6976
6988
7065
7070
7117
7137
7152
7209
7416
7552
7554
7613
7698
7712
7730
7736
7766
7777
7825
7859
7878
7910
7914
8060
8258
8297
8303
8514
8595
8611
8789
8837
8984
9053
9077
9088
9090
9099
9134
9135
9158
9375
9440
9559
9627
9653
9738
9793
9862
9893
9900
9929
9932
10034
10036
10048
10134
10191
10213
10256
10302
10330
10331
10356
10390
10396
10426
10437
10487
10509
10531
10533
10551
10586
10611
10618
10634
10639
10668
10683
10697
10717
10877
10931
10940
10950
10958
11037
11063
11079
11080
11097
11159
11226
11232
11250
11267
11292
11293
11294
11341
11344
11348
11352
11357
11496
11515
11521
11525
11526
11545
11682
11720
11727
11742
11748
11759
11839
11874
11969
12063
12144
12173
12174
12233
12234
12251
12316
12324
12326
12345
12427
12435
12500
12520
12633
12648
12731
12917
13095
13106
13170
13171
13175
13221
13271
13290
13319
13321
13328
13346
13372
13400
13466
13488
13500
13506
13514
13532
13576
13585
13598
13615
13619
13675
13683
13689
13702
13813
13881
13882
14015
14025
14066
14094
14108
14223
14265
14272
14451
14479
14525
14530
14554
14576
14591
14602
14658
14670
14670
14826
14855
14882
15071
15099
15153
15188
15277
15280
15358
15373
15375
15398
15520
15670
15690
15736
15751
15764
15827
15917
16020
16067
16075
16103
16300
16329
16382
16559
16603
16620
16640
16677
16783
16790
16837
16927
17028
17120
17152
17187
17193
17252
17282
17313
17314
17406
17457
17585
17616
17673
17767
17780
17800
17899
17990
17996
18051
18075
18080
18146
18202
18208
18257
18287
18291
18316
18326
18349
18390
18402
18421
18437
18466
18600
18662
18664
18668
18695
18712
18736
18736
18747
18748
18978
19000
19002
19010
19014
19016
19017
19018
19019
19020
19022
19027
19043
19050
19099
19243
19247
19351
19369
19536
19551
19590
19723
19927
19934
19965
20069
20111
20128
20341
20358
20366
20384
20387
20397
20444
20550
20578
20661
20953
20968
20994
21081
21100
21190
21194
21252
21272
21276
21282
21297
21317
21354
21355
21366
21375
21421
21607
21812
21828
21836
21837
21844
21854
21855
21858
21876
21877
21879
21895
21897
21899
21903
21907
21915
21917
21927
21928
21930
21931
21940
21956
21973
21976
21980
22005
22027
22034
22057
22086
22106
22107
22201
22202
22245
22347
22354
22384
22388
22389
22396
22397
22437
22465
22525
22541
22542
22566
22569
22573
22574
22688
22690
22756
22783
22795
22849
22878
22890
23086
23106
23116
23127
23133
23246
23507
23508
23524
23644
23646
23820
23877
23963
24022
24048
24121
24237
24290
24299
24385
24474
24587
24696
24701
24711
24722
24782
24817
24831
24883
24890
24930
25017
25216
25260
25271
25299
25313
25407
25474
25524
25590
25595
25616
25671
25771
25847
25873
25883
25891
25949
25962
26002
26038
26051
26161
26210
26292
26306
26325
26403
26467
26471
26550
26584
26603
26604
26649
26703
26728
26733
26750
26757
26761
26802
26839
26881
26883
26896
26898
26953
26954
26968
26980
27003
27152
27169
27197
27230
27270
27280
27316
27363
27380
27381
27454
27457
27472
27476
27770
27782
27820
27855
27914
27920
27932
27951
27956
27977
27980
28054
28073
28076
28082
28108
28162
28200
28236
28237
28245
28251
28328
28337
28537
28617
28752
28805
28831
28849
28872
29040
29048
29049
29079
29087
29089
29161
29222
29339
29347
29428
29433
29464
29480
29487
29504
29506
29526
29531
29561
29598
29604
29616
29619
29709
29758
29772
29791
29827
29853
29869
29875
29903
29916
29924
29954
29959
30004
30016
30023
30037
30046
30066
30067
30068
30077
30078
30079
30084
30094
30104
30108
30109
30112
30113
30117
30118
30217
30252
30412
30508
30597
30669
30687
30709
30719
30739
30783
30859
30993
31012
31044
31062
31073
31074
31097
31098
31100
31110
31167
31200
31217
31277
31292
31300
31328
31406
31408
31448
31451
31481
31483
31484
31582
31595
31703
31711
31715
31759
31768
31865
31940
31987
32002
32166
32189
32264
32266
32282
32345
32427
32429
32572
32593
32605
32764
32843
32918
32919
32942
32952
32976
32999
33008
33011
33017
33151
33156
33157
33189
33203
33221
33263
33297
33313
33350
33354
33396
33654
33662
33685
33686
33708
33712
33735
33842
33868
33949
33959
33968
33973
33974
33976
33991
34006
34009
34050
34060
34146
34316
34378
34379
34423
34514
34532
34567
34571
34663
34686
34688
34777
34778
34785
34806
35000
35358
35363
35366
35398
35439
35521
35586
35883
35921
35954
36002
36020
36079
36119
36132
36155
36192
36237
36277
36285
36299
36428
36496
36694
36712
36875
36929
36946
37063
37071
37072
37220
37242
37244
37344
37377
37463
37501
37719
37900
38305
38511
38512
38550
38578
38593
38598
38638
38708
38711
38742
39036
39054
39238
39272
39287
39367
39466
39471
39497
39521
39537
39665
39764
39876
39917
39955
40053
40059
40065
40085
40249
40253
40254
40310
40461
40487
40505
40506
40532
40538
40551
40558
40575
40588
40589
40606
40645
40703
40788
40791
40794
40796
40799
40931
41065
41114
41212
41217
41224
41339
41344
41364
41398
41400
41407
41442
41464
41478
41491
41509
41525
41531
41704
41753
41889
41985
42066
42076
42081
42147
42159
42294
42337
42448
42452
42761
42825
42851
42869
42940
43217
43259
43269
43315
43328
43410
43483
43523
43528
43533
43565
43607
43746
43878
44004
44031
44049
44089
44351
44526
44545
44683
44845
44857
44877
45052
45221
45340
45341
45468
45492
45518
45579
45580
45590
45616
45694
46176
46221
46269
46340
46486
46516
46573
46629
46655
46657
46684
46700
46776
46779
46794
46796
46915
46955
46973
47017
47019
47035
47096
47193
47197
47209
47236
47245
47253
47279
47310
47311
47323
47325
47335
47336
47339
47376
47389
47433
47445
47492
47500
47602
47603
47676
47687
47724
47735
47792
47798
47825
47840
47841
47886
47906
47907
47910
47911
47912
47916
47919
47920
47924
47926
47927
47929
47933
47945
47946
47964
47965
47966
47969
47991
48006
48010
48066
48121
48130
48501
49000
49013
49118
49805
49924
49932
50000
50039
50088
50100
50109
50115
50118
50120
50121
50122
50124
50136
50147
50429
50550
50641
50705
50720
50748
50846
50853
51070
51072
51107
51108
51217
51221
51337
51447
51453
51454
51579
51755
52733
52787
52922
52926
52973
53355
53550
53635
53788
54274
54361
54491
54690
55225
55277
55317
55501
55502
55503
55504
55505
55506
55515
55517
56366
56637
57173
57513
57554
57661
57841
57911
58583
58693
58979
60056
60162
60163
60164
60308
60357
60609
60809
61004
61008
61009
61011
61012
61016
61021
61025
61027
61029
61033
61036
61042
61058
61066
61067
61078
61122
61184
61189
61190
61192
61211
61217
61236
61239
61244
61280
61281
61282
61291
61300
61307
61310
61321
61363
61384
61388
61399
61407
61426
61451
61454
61457
61460
61463
61469
61475
61477
61478
61485
61486
61500
61548
61613
61614
61616
61627
61629
61631
61768
62280
62862
63187
63325
64111
64846
64949
65336
65602
65603
66481
66506
67072
67237
67245
67749
68445
69693
69790
69792
69980
70056
70100
70458
70476
70692
70704
71003
71011
71013
71112
71113
71116
71278
71408
71422
71648
71810
72251
72904
73304
73616
75610
75838
75897
75945
76000
76059
77053
77586
79949
80085
80130
80606
80770
80900
81376
81505
81658
81843
82368
82437
83013
83160
83217
83345
83424
83481
83544
83934
84021
84173
84177
84818
85001
85006
85018
85019
85082
85085
85091
85093
85099
85101
85103
85104
85113
85120
85121
85123
85135
85161
85178
85180
85205
85211
85215
85227
85236
85249
85312
85321
85323
85325
85328
85330
85343
85344
85346
85403
85407
85408
85684
85726
85787
86108
86305
87474
87507
87745
88426
88566
88739
88742
88886
88964
89783
90014
90028
90029
90030
90041
90047
90053
90064
90066
90068
90069
90095
90102
90105
90113
90119
90121
90123
90136
90137
90276
90589
91237
91252
91273
91447
91610
91654
91655
91657
91659
91873
91874
91875
91876
91906
92322
92439
92443
92503
92860
92861
92870
93508
94523
94676
94923
94973
95505
95903
96043
96871
96928
97200
97900
99006
99161
99504
99731
99902
99903
99904
99905
99950
99957
99960
99961
99975
