12
34
50
53
84
85
89
100
101
104
108
110
111
112
120
137
144
168
169
175
179
196
213
215
252
259
275
278
301
314
326
329
348
360
361
364
373
376
384
385
391
399
403
412
414
430
448
457
458
461
470
489
495
497
498
500
513
514
515
517
518
519
520
524
525
528
529
551
557
583
585
587
590
600
606
610
616
661
668
669
673
680
682
686
687
688
690
696
711
719
720
728
735
748
749
750
751
771
781
783
801
804
816
819
824
827
841
842
862
878
879
887
888
891
897
901
904
936
942
962
970
973
975
978
982
984
987
988
989
997
1019
1056
1114
1165
1168
1171
1176
1183
1185
1190
1192
1193
1196
1200
1204
1205
1207
1218
1220
1221
1228
1257
1281
1338
1396
1436
1453
1460
1480
1503
1504
1507
1515
1553
1561
1596
1666
1667
1745
1759
1775
1782
1841
1951
1952
1961
2002
2005
2007
2052
2069
2143
2207
2224
2262
2266
2319
2367
2434
2454
2471
2475
2521
2534
2557
2566
2598
2604
2619
2629
2630
2679
2713
2764
2816
2872
2932
2942
2990
3013
3032
3065
3068
3070
3084
3299
3464
3504
3533
3571
3600
3651
3696
3734
3879
3918
3928
3987
3997
4024
4032
4102
4149
4151
4239
4311
4326
4352
4419
4489
4518
4579
4679
4689
4712
4718
4719
4743
4750
4751
4774
4788
4887
4906
4907
4908
4925
4942
4955
4988
5001
5015
5041
5042
5082
5086
5129
5146
5183
5188
5217
5223
5231
5257
5276
5282
5288
5331
5356
5357
5360
5363
5398
5450
5506
5594
5597
5605
5675
5678
5702
5703
5720
5722
5772
5784
5792
5885
5909
5936
5945
5950
5984
6083
6084
6085
6086
6088
6096
6098
6218
6244
6250
6269
6305
6359
6376
6389
6390
6391
6392
6394
6395
6396
6406
6731
6805
6809
6891
6976
6988
7065
7070
7117
7137
7152
7209
7416
7552
7554
7613
7698
7712
7730
7736
7766
7777
7825
7859
7878
7910
7914
8060
8258
8297
8303
8514
8595
8611
8789
8837
8984
9053
9077
9088
9090
9099
9134
9135
9158
9375
9440
9559
9627
9653
9738
9793
9862
9893
9900
9929
9932
10034
10036
10048
10134
10191
10213
10256
10302
10330
10331
10356
10390
10396
10426
10437
10487
10509
10531
10533
10551
10586
10611
10618
10634
10639
10668
10683
10697
10717
10877
10931
10940
10950
10958
11037
11063
11079
11080
11097
11159
11226
11232
11250
11267
11292
11293
11294
11341
11344
11348
11352
11357
11496
11515
11521
11525
11526
11545
11682
11720
11727
11742
11748
11759
11839
11874
11969
12063
12144
12173
12174
12233
12234
12251
12316
12324
12326
12345
12427
12435
12500
12520
12633
12648
12731
12917
13095
13106
13170
13171
13175
13221
13271
13290
13319
13321
13328
13346
13372
13400
13466
13488
13500
13506
13514
13532
13576
13585
13598
13615
13619
13675
13683
13689
13702
13813
13881
13882
14015
14025
14066
14094
14108
14223
14265
14272
14451
14479
14525
14530
14554
14576
14591
14602
14658
14670
14826
14855
14882
15071
15099
15153
15188
15277
15280
15358
15373
15375
15398
15520
15670
15690
15736
15751
15764
15827
15917
16020
16067
16075
16103
16300
16329
16382
16559
16603
16620
16640
16677
16783
16790
16837
16927
17028
17120
17152
17187
17193
17252
17282
17313
17314
17406
17457
17585
17616
17673
17767
17780
17800
17899
17990
17996
18051
18075
18080
18146
18202
18208
18257
18287
18291
18316
18326
18349
18390
18402
18421
18437
18466
18600
18662
18664
18668
18695
18712
18736
18747
18748
18978
19000
19002
19010
19014
19016
19017
19018
19019
19020
19022
19027
19043
19050
19099
19243
19247
19351
19369
19536
19551
19590
19723
19927
19934
19965
20069
20111
20128
20341
20358
20366
20384
20387
20397
20444
20550
20578
20661
20953
20968
20994
21081
21100
21190
21194
21252
21272
21276
21282
21297
21317
21354
21355
21366
21375
21421
21607
21812
21828
21836
21837
21844
21854
21855
21858
21876
21877
21879
21895
21897
21899
21903
21907
21915
21917
21927
21928
21930
21931
21940
21956
21973
21976
21980
22005
22027
22034
22057
22086
22106
22107
22201
22202
22245
22347
22354
22384
22388
22389
22396
22397
22437
22465
22525
22541
22542
22566
22569
22573
22574
22688
22690
22756
22783
22795
22849
22878
22890
23086
23106
23116
23127
23133
23246
23507
23508
23524
23644
23646
23820
23877
23963
24022
24048
24121
24237
24290
24299
24385
24474
24587
24696
24701
24711
24722
24782
24817
24831
24883
24890
24930
25017
25216
25260
25271
25299
25313
25407
25474
25524
25590
25595
25616
25671
25771
25847
25873
25883
25891
25949
25962
26002
26038
26051
26161
26210
26292
26306
26325
26403
26467
26471
26550
26584
26603
26604
26649
26703
26728
26733
26750
26757
26761
26802
26839
26881
26883
26896
26898
26953
26954
26968
26980
27003
27152
27169
27197
27230
27270
27280
27316
27363
27380
27381
27454
27457
27472
27476
27770
27782
27820
27855
27914
27920
27932
27951
27956
27977
27980
28054
28073
28076
28082
28108
28162
28200
28236
28237
28245
28251
28328
28337
28537
28617
28752
28805
28831
28849
28872
29040
29048
29049
29079
29087
29089
29161
29222
29339
29347
29428
29433
29464
29480
29487
29504
29506
29526
29531
29561
29598
29604
29616
29619
29709
29758
29772
29791
29827
29853
29869
29875
29903
29916
29924
29954
29959
30004
30016
30023
30037
30046
30066
30067
30068
30077
30078
30079
30084
30094
30104
30108
30109
30112
30113
30117
30118
30217
30252
30412
30508
30597
30669
30687
30709
30719
30739
30783
30859
30993
31012
31044
31062
31073
31074
31097
31098
31100
31110
31167
31200
31217
31277
31292
31300
31328
31406
31408
31448
31451
31481
31483
31484
31582
31595
31703
31711
31715
31759
31768
31865
31940
31987
32002
32166
32189
32264
32266
32282
32345
32427
32429
32572
32593
32605
32764
32843
32918
32919
32942
32952
32976
32999
33008
33011
33017
33151
33156
33157
33189
33203
33221
33263
33297
33313
33350
33354
33396
33654
33662
33685
33686
33708
33712
33735
33842
33868
33949
33959
33968
33973
33974
33976
33991
34006
34009
34050
34060
34146
34316
34378
34379
34423
34514
34532
34567
34571
34663
34686
34688
34777
34778
34785
34806
35000
35358
35363
35366
35398
35439
35521
35586
35883
35921
35954
36002
36020
36079
36119
36132
36155
36192
36237
36277
36285
36299
36428
36496
36694
36712
36875
36929
36946
37063
37071
37072
37220
37242
37244
37344
37377
37463
37501
37719
37900
38305
38511
38512
38550
38578
38593
38598
38638
38708
38711
38742
39036
39054
39238
39272
39287
39367
39466
39471
39497
39521
39537
39665
39764
39876
39917
39955
40053
40059
40065
40085
40249
40253
40254
40310
40461
40487
40505
40506
40532
40538
40551
40558
40575
40588
40589
40606
40645
40703
40788
40791
40794
40796
40799
40931
41065
41114
41212
41217
41224
41339
41344
41364
41398
41400
41407
41442
41464
41478
41491
41509
41525
41531
41704
41753
41889
41985
42066
42076
42081
42147
42159
42294
42337
42448
42452
42761
42825
42851
42869
42940
43217
43259
43269
43315
43328
43410
43483
43523
43528
43533
43565
43607
43746
43878
44004
44031
44049
44089
44351
44526
44545
44683
44845
44857
44877
45052
45221
45340
45341
45468
45492
45518
45579
45580
45590
45616
45694
46176
46221
46269
46340
46486
46516
46573
46629
46655
46657
46684
46700
46776
46779
46794
46796
46915
46955
46973
47017
47019
47035
47096
47193
47197
47209
47236
47245
47253
47279
47310
47311
47323
47325
47335
47336
47339
47376
47389
47433
47445
47492
47500
47602
47603
47676
47687
47724
47735
47792
47798
47825
47840
47841
47886
47906
47907
47910
47911
47912
47916
47919
47920
47924
47926
47927
47929
47933
47945
47946
47964
47965
47966
47969
47991
48006
48010
48066
48121
48130
48501
49000
49013
49118
49805
49924
49932
50000
50039
50088
50100
50109
50115
50118
50120
50121
50122
50124
50136
50147
50429
50550
50641
50705
50720
50748
50846
50853
51070
51072
51107
51108
51217
51221
51337
51447
51453
51454
51579
51755
52733
52787
52922
52926
52973
53355
53550
53635
53788
54274
54361
54491
54690
55225
55277
55317
55501
55502
55503
55504
55505
55506
55515
55517
56366
56637
57173
57513
57554
57661
57841
57911
58583
58693
58979
60056
60162
60163
60164
60308
60357
60609
60809
61004
61008
61009
61011
61012
61016
61021
61025
61027
61029
61033
61036
61042
61058
61066
61067
61078
61122
61184
61189
61190
61192
61211
61217
61236
61239
61244
61280
61281
61282
61291
61300
61307
61310
61321
61363
61384
61388
61399
61407
61426
61451
61454
61457
61460
61463
61469
61475
61477
61478
61485
61486
61500
61548
61613
61614
61616
61627
61629
61631
61768
62280
62862
63187
63325
64111
64846
64949
65336
65602
65603
66481
66506
67072
67237
67245
67749
68445
69693
69790
69792
69980
70056
70100
70458
70476
70692
70704
71003
71011
71013
71112
71113
71116
71278
71408
71422
71648
71810
72251
72904
73304
73616
75610
75838
75897
75945
76000
76059
77053
77586
79949
80085
80130
80606
80770
80900
81376
81505
81658
81843
82368
82437
83013
83160
83217
83345
83424
83481
83544
83934
84021
84173
84177
84818
85001
85006
85018
85019
85082
85085
85091
85093
85099
85101
85103
85104
85113
85120
85121
85123
85135
85161
85178
85180
85205
85211
85215
85227
85236
85249
85312
85321
85323
85325
85328
85330
85343
85344
85346
85403
85407
85408
85684
85726
85787
86108
86305
87474
87507
87745
88426
88566
88739
88742
88886
88964
89783
90014
90028
90029
90030
90041
90047
90053
90064
90066
90068
90069
90095
90102
90105
90113
90119
90121
90123
90136
90137
90276
90589
91237
91252
91273
91447
91610
91654
91655
91657
91659
91873
91874
91875
91876
91906
92322
92439
92443
92503
92860
92861
92870
93508
94523
94676
94923
94973
95505
95903
96043
96871
96928
97200
97900
99006
99161
99504
99731
99902
99903
99904
99905
99950
99957
99960
99961
99975
100140
100191
100721
100728
100778
100920
101627
101762
101961
101963
101978
101986
101990
102026
102057
102068
102094
102113
102123
102127
102290
102379
102577
102708
103601
104086
104173
104183
104233
104242
104570
104579
104847
104848
105134
105149
105298
105812
106390
106416
106417
106528
106707
107038
107268
107448
107493
107495
107531
107578
107650
107682
107707
107711
107725
107747
107758
107811
107962
107979
108456
108462
108594
108934
109450
109764
110192
110208
110264
110480
110577
111421
111894
112218
112404
112855
113519
113878
114081
114723
114863
115030
115082
115195
115226
115547
115612
115659
116010
116035
116092
116218
116719
116790
117040
117325
117573
117579
117884
118083
118219
118263
118458
118826
118840
119915
119951
120212
120213
120296
120420
120606
120617
120902
120974
121096
122140
122508
122855
123183
123839
124037
124232
124259
124502
124905
125376
125502
125504
126014
126177
126214
126347
126526
126612
126717
126823
127123
127125
127279
127489
127508
127509
127511
127613
127747
127993
128163
128249
128592
128727
128888
128912
128914
129008
129010
129038
129164
129299
129366
129453
129462
129657
129688
129694
129788
129792
129793
129976
129996
130372
130462
130482
130616
130840
130860
130958
131125
131134
131166
131453
131800
132091
132141
132584
132763
132974
133451
133502
133640
133710
133937
134031
134362
134473
134527
134552
134902
134982
135454
135576
135782
135812
135968
136136
136337
136338
136353
137491
137493
137580
137768
137959
138547
138944
139127
139402
139415
139973
140015
140341
140501
140894
141084
141477
141571
142354
142372
142404
142406
142644
142819
143434
143613
143703
143731
143755
144087
144480
144482
144531
144571
144627
144744
145164
145797
145866
145965
146421
146549
146752
146812
146853
146870
146927
147374
147394
147855
147931
148021
148646
148920
149955
150314
150730
150791
150885
151903
152341
152544
152667
153042
153215
153496
153694
153956
154314
154771
155330
155435
156400
156668
157089
157132
157185
157370
157450
157507
158341
158922
158936
158996
159211
159446
159707
160230
160575
161358
161522
161552
162074
162200
162214
162222
162274
162493
163197
163401
163673
163716
163810
164110
164171
164400
164764
164950
164981
164998
165041
165080
165271
165716
165734
165763
165765
165823
166639
167105
167302
167837
167990
168035
168394
168946
169230
169244
169330
169499
169847
169940
170172
170547
170600
170604
170642
170656
170779
171068
171104
171408
171429
171720
171726
171904
172218
172234
172246
172303
172713
173391
173395
173591
173617
173971
174224
174509
174695
174775
174776
174854
174857
174957
175086
175504
175545
175546
175547
175548
175640
175893
175946
176073
176162
176180
177375
177557
177662
177870
178578
178700
178769
179767
180100
180346
180973
181037
181092
181245
181315
181357
181732
181744
182681
183087
183409
183469
183597
183727
183730
184058
184179
184305
184433
184538
184562
184841
184864
184877
184882
185090
185791
186000
186252
186474
186747
187157
187529
187955
188041
188066
188140
188420
188761
188762
188763
188764
188843
188852
188901
189072
189160
189354
189577
189901
190270
190316
190379
190434
190874
191632
191746
191863
191925
191959
192026
192081
192121
192264
192374
192380
193488
193632
193633
193806
194087
194444
194570
194976
195047
195193
195956
195970
196090
196196
196364
196672
196898
196953
197055
197088
197138
197275
197353
197468
197470
197788
198198
198295
198856
199102
199103
199201
199364
199499
199602
199830
199965
199966
199967
199968
200021
200507
200900
200901
201004
201072
201833
201889
201899
202085
202195
202347
202501
202788
203435
203444
203506
204022
204075
204153
204198
204422
204529
204677
204752
204923
205146
205208
205219
205280
205312
205552
206112
206416
207200
207220
207270
207285
208388
208429
208462
208551
209196
209803
210021
210213
210461
210910
211111
211223
211230
211257
211769
211875
212401
212687
212737
213264
213572
213660
213750
213771
214143
214203
214226
214321
214341
214449
214567
214902
214933
215011
215233
215284
215511
215544
216900
216905
216910
216915
216938
216945
216952
217018
218027
218177
218356
218402
218601
218631
218768
219104
219491
219595
219596
219854
219890
220074
220126
220170
220241
220303
221177
221514
221663
221879
222464
222490
222563
222728
222886
223350
223390
223840
223900
223914
224682
224770
224793
224976
225501
226626
226983
227268
227380
227394
227443
227592
227594
227595
227760
227878
228845
228880
228935
229320
229644
230218
230298
230327
231080
231444
231533
231692
232421
232699
232951
232952
232990
233361
233492
233543
233615
233777
234131
234745
234918
234956
234994
235172
235534
235535
235536
235540
235657
235749
236168
236169
236170
236171
236177
236184
236438
236476
236784
236929
237039
237040
237216
237686
237785
237860
238267
238281
238427
238428
238554
238566
238585
238978
239048
239248
239478
239588
239773
240154
240587
240780
240781
240782
240905
241097
241138
241837
242053
242205
242207
242210
242362
242443
242470
242668
242846
243426
243856
244230
244330
244730
244856
244860
244975
245275
245554
245664
245806
245872
246197
246308
246448
246451
246579
246703
246763
247016
247221
247282
247302
247590
247831
247872
247988
248011
248154
248364
248719
248968
249118
250078
250407
250720
251104
251413
251680
251704
251767
251813
251840
252214
252646
252744
252769
252802
252979
253039
253063
253230
253377
253412
253831
254136
254599
254760
254971
255124
255169
256012
256026
256080
256855
257082
257503
257577
257928
258371
258674
258702
258916
258929
259032
259085
259091
259096
259368
259629
259659
259937
259946
259992
260379
260440
260529
260591
260835
261112
261532
261751
262020
262280
262282
262313
262838
262996
263212
263213
263283
263705
264111
264151
264172
264177
264266
264642
264769
264844
266120
266140
266145
266192
266193
266194
266345
266487
266556
266568
266814
266986
267044
267083
267309
267640
267687
267771
267925
268241
268251
268690
268805
269008
269247
269603
269747
269748
269749
269764
269765
269839
269904
269910
270070
270101
270418
270498
270535
270684
271067
273069
273136
273285
273572
273703
274563
274583
274683
274821
275027
275146
275344
275369
275713
276009
276264
276484
276549
276665
276984
277535
277616
277974
277990
278019
278324
278326
278330
278398
278688
278982
279636
279783
280001
280029
280100
280226
280673
281170
281379
281600
281626
281841
282086
282184
282284
282336
282360
282565
282711
282722
282860
283029
283112
283128
283169
283200
283301
283400
283465
283476
283617
283826
283889
284282
284370
284520
284601
284625
285008
285038
285191
285527
285560
285682
285782
286025
286772
287270
287556
287780
288564
288760
288939
289433
289476
289560
289626
289731
290004
290103
290141
290291
290478
290844
291270
291859
291981
292051
292160
292669
293056
293230
293291
293600
293701
293782
293972
294140
294415
294821
294973
294989
295076
295186
295371
295507
295629
295670
295674
295700
295701
295861
296277
296454
296549
296934
296995
297226
297671
297676
297837
298037
298078
298305
298672
298801
298811
299411
299668
301188
301321
301500
301572
301834
301860
301883
301910
301988
302021
302384
302768
303222
303285
303478
303866
304455
304538
304728
304868
304880
304881
304927
305573
305740
305834
305862
305882
306025
306181
306185
306214
306221
306226
306245
306255
306256
306262
306657
306658
306673
307244
307475
307987
308266
308597
308635
308636
308746
308747
308752
308756
309088
309240
309756
309881
310062
310115
310455
310568
310710
310715
310725
310805
310838
311549
311565
311721
311733
311860
311937
312155
312540
312547
312550
312576
312681
312787
312806
312921
313602
313740
313936
313963
313965
313966
313973
314260
314627
314786
315091
315201
315456
315628
316090
316113
316390
316525
316623
316979
317052
317711
317902
318010
318107
318223
318501
318527
318760
318816
318822
319071
319075
319142
319258
319265
319376
319528
319714
319790
320023
320056
320103
320113
320116
320680
320888
320957
321082
321568
321604
321724
321777
321880
321970
321973
322161
322371
322605
322663
322683
322714
322944
323050
323094
323108
323460
323470
323700
323905
323944
323951
324051
324143
324218
324446
324466
324517
324543
324547
324565
324770
324855
324857
324967
325490
325611
325804
325867
326031
326239
326446
326447
326450
326451
326525
326577
326614
326648
326662
326665
326765
326905
327551
327592
327700
327781
327847
327878
327880
328140
328466
328482
328788
328792
328888
329310
329531
329533
329712
329855
330028
330303
330834
331108
331307
331376
331385
331599
331833
332526
332578
332764
332766
332918
332944
332971
333078
333110
333190
333238
333251
333269
333595
333666
333934
334050
334051
334315
334316
334317
334328
334371
334380
334423
334492
334496
334501
334550
334633
334802
335168
335171
335172
335417
335436
335513
335541
335827
335911
335959
336215
336225
336292
336307
336520
336724
337270
337381
337754
337864
337891
338113
338287
338507
339029
339035
339054
339138
339169
339235
339431
339441
339617
339681
339710
339797
339861
341100
341138
341210
341304
341472
341638
342233
342258
342370
342576
342689
342920
342935
343212
343404
343408
343510
343638
343681
343682
344330
344373
344526
344527
344973
345024
345044
345137
345207
345533
345774
345867
345868
345877
345878
345880
345881
345948
346011
346304
346432
346580
346715
346734
346830
346846
347107
347431
347443
347561
347626
347627
347636
347649
347661
347725
347937
347970
348187
348196
348200
348211
348221
348225
348294
348430
348450
348984
348992
349007
349025
349105
349155
349188
349212
349217
349220
349338
349696
349697
349812
350085
350127
350466
350480
350484
350505
350560
350666
350733
350847
350913
351284
351452
351661
351738
351953
352033
352138
352302
352304
352460
352503
352554
352565
352922
352929
353253
353256
353879
353969
353999
354078
354149
354166
354642
354784
354970
354993
355007
355360
355400
355463
355559
355675
355957
355996
356026
356239
356315
356497
356713
356921
356922
356923
356924
356925
356926
356927
356928
357131
357291
357403
357827
358211
358358
358473
358477
358563
358572
358574
358860
359115
359347
359437
359474
359649
359810
360128
360197
360515
360640
360704
360995
361065
361298
361600
361738
361743
361811
361890
362354
362602
362637
362661
362684
362864
362996
363011
363012
363104
363245
363390
363524
363525
363579
363621
363622
363623
363624
363625
363626
363627
363628
364110
364234
364533
364589
364609
364673
364687
364704
364828
364845
364934
365044
365131
365174
365180
365187
365192
365193
365318
365408
365520
365802
365859
365875
365902
366145
366263
366500
366568
366580
366612
366615
366668
366823
366921
366966
367154
367354
368645
368753
368800
368910
368992
369104
369474
369520
369641
369765
370022
370181
370207
370438
370586
370704
370923
371171
371207
371390
371404
371405
371413
371632
371690
371832
371833
371859
371877
371880
372100
372462
372530
372717
372721
372957
373162
373323
373347
373367
373400
373557
373560
373578
373732
373756
373827
374010
374017
374168
374190
374431
374678
374720
374930
375242
375244
375290
375305
375334
375559
375620
375621
375622
375623
375656
375803
375828
375840
376052
376103
376181
376266
376337
376404
376441
376487
376566
377101
377102
377105
377374
377605
378293
378376
378381
378447
378478
378843
378844
379168
379232
379252
379338
379525
379536
379730
379777
379903
380180
380420
380444
380446
380447
380484
380555
380666
380702
380706
380783
380813
380848
380850
380864
380991
381381
381404
381551
381552
381602
381608
381698
381837
381900
381902
381928
382153
382359
382378
382697
382740
382872
383146
383201
383267
383389
383456
383681
383691
383830
383922
384201
384454
384510
384655
384707
384710
384727
384732
384733
384839
384901
384910
384995
385066
385443
385453
385454
385520
385778
385782
385792
385845
385955
386159
386164
386217
386278
386423
386450
386460
386623
387075
387493
387546
387604
387647
387651
387696
387820
387944
388063
388195
388206
388467
388537
388554
388562
388572
388592
388632
388778
388955
389083
389380
389456
389658
389732
389880
389929
390007
390038
390040
390084
390163
390164
390165
390168
390170
390483
390506
390698
390856
390938
391021
391070
391075
391166
391206
391216
391267
391314
391611
391881
391931
392010
392013
392016
392136
392162
392373
392381
392383
392510
392534
392581
392674
392786
392800
392906
392908
392915
392958
392971
393038
393076
393083
393266
393272
393301
393305
393349
393369
393405
393433
393438
393549
393551
393667
393678
393700
393705
393808
393810
393932
394150
394270
394324
394325
394333
394340
394396
394408
394411
394413
394485
394586
394606
394852
394855
394856
394861
394866
394953
395005
395048
395051
395186
395413
395754
395837
395935
395960
395972
396050
396203
396263
396312
396377
396510
396563
396788
396892
397040
397200
397213
397272
397311
397312
397320
397377
397391
397398
397501
397520
397545
397568
397888
397900
397945
398002
398091
398123
398253
398326
398404
398407
398454
398482
398543
398566
398581
398621
398631
398683
398732
398807
398853
398860
398867
399131
399150
399163
399177
399206
399355
399682
399708
399788
399791
399793
399794
399795
399796
399800
399801
399802
399828
399830
399836
399838
399842
399920
399940
399943
400198
400576
400615
400644
400744
400767
400772
400824
400835
400995
400997
401011
401068
401080
401141
401150
401155
401487
401500
401595
401621
401744
401762
402093
402120
402145
402146
402200
402262
402498
402527
402534
402726
402919
402998
403077
403104
403298
403312
403322
403456
403544
404063
404087
404103
404116
404125
404140
404190
404275
404298
404663
404901
405093
405102
405105
405106
405107
405115
405117
405352
405355
405376
405614
405853
405982
405988
406340
406422
406423
406450
406605
406695
406698
406732
406823
406826
406836
406849
406852
406900
406903
406922
406931
407198
407235
407303
407360
407571
407626
407635
407639
407687
407823
408037
408123
408195
408456
408462
408473
408795
408882
408905
408980
409088
409091
409092
409098
409294
409450
409453
409455
409472
409627
409663
409777
409820
409827
409831
410096
410146
410327
410378
410381
410382
410386
410388
410420
410460
410518
410554
410555
410742
410746
410862
410941
411130
411153
411282
411633
411690
411696
411704
411712
411794
411844
411897
411915
412017
412067
412080
412197
412221
412263
412315
412353
412358
412475
412484
412570
412753
412930
412931
412936
413055
413072
413074
413376
413588
413678
414038
414042
414135
414184
414243
414413
414510
414552
414602
414735
414743
415011
415022
415260
415262
415368
415477
415562
415660
415708
416008
416044
416200
416206
416341
416400
416562
416802
416857
416887
417235
417247
417370
417448
417450
417766
417807
418066
418102
418309
418319
418675
418737
418746
418949
419407
419493
419542
419753
419878
419920
419980
419990
420191
420205
420212
420307
420385
420803
420960
420963
420998
421135
421244
421594
421700
421710
421793
421975
421976
421977
421981
421982
421991
422007
422010
422015
422053
422067
422071
422072
422073
422080
422222
422531
422538
422540
422626
422647
422679
422700
422763
422777
422825
423064
423074
423448
423657
423681
423713
424037
424046
424233
424596
424604
424880
424900
425018
425066
425072
425354
425393
425417
425484
425707
425738
425865
425871
425877
425878
425880
425913
426012
426192
426292
426675
426846
426847
427053
427367
427388
427545
427628
427661
427700
427777
427786
427798
427800
427923
428071
428073
428075
428146
428288
428334
428358
428437
428600
428721
428855
428940
428941
428992
429227
429324
429328
429344
429388
429523
429524
429828
429991
430254
430541
430562
430655
430685
431456
431946
432020
432032
432063
432199
432209
432223
432375
432400
432444
432784
432868
433233
433305
433331
433443
433481
433766
434267
434277
434400
434460
434583
434807
434983
435022
435164
435244
435333
435488
435527
435697
435710
435937
436123
436183
436184
436285
436346
436672
436743
436805
437198
437201
437240
437690
437741
437948
438151
438342
438545
438733
438842
438851
438893
438938
439008
439101
439341
439853
439892
440004
440122
440175
440188
440333
440455
440493
440494
440581
440586
440800
440858
440895
440974
441154
441207
441284
441304
441520
441713
441794
442286
442370
442392
443044
443065
443075
443298
443404
443510
443562
443622
444190
444317
444697
444808
444846
445565
445577
445621
445823
445872
446586
447470
447661
447697
447717
447753
448093
448187
448649
449002
449100
449442
449548
450195
450201
450678
450888
451132
451620
451879
452420
452625
452646
453006
453015
453117
453238
453777
454142
454424
455150
455300
455992
456001
456002
456003
456480
456567
457157
457406
457408
457778
458141
458184
458287
458821
459124
459918
460188
460804
460840
461317
461664
462461
462528
462529
462873
462914
462947
462963
462974
463139
463588
463804
463964
464111
464404
464435
464436
464440
464443
464447
465096
466263
466823
467313
468062
469203
469330
469474
469627
470228
470410
470800
471378
471690
472028
472300
472354
472647
472727
472858
472881
473236
473572
474139
475400
475610
475632
475970
476512
477777
478617
478955
480207
481000
481408
481410
481947
483198
483778
483937
485090
485456
485539
486466
486486
486540
486680
486822
486939
487318
487322
487355
487438
487952
488038
488151
488537
489301
490972
490979
491150
492637
492638